151.696648894905
107.12639260564492
122.4643372941695
145.92660050299713
101.69343048859517
102.1769949542351
123.67254462137997
122.63845142735775
117.26757582603054
101.83096994324877
126.95049114155539
103.60344809356249
119.58573075532821
102.67180215149469
106.49641400823513
113.59012418559975
108.11088594813184
131.8930030777824
112.85153080484001
125.89011866679097
106.38228506835152
151.24047690933884
105.77994335770664
108.34260188269727
110.33508485826837
103.03141136286747
121.85672844906722
134.80266689331225
104.48549029446771
107.57358267340346
164.48709112037324
115.57723389369227
118.18958248525607
115.02441497618494
104.56195373557415
185.8191250763177
114.30480452041635
121.00136056751798
150.66316854244707
205.50405778268723
221.35865765769964
104.77740564802761
126.88435115240931
162.48466804742318
166.77073591355676
104.65854578088037
111.34507170921395
105.50492794675327
288.6289359580943
125.50905426962503
310.4312186928019
358.61876542735166
114.94623211440617
287.38434183018427
137.92358317277393
102.52284917797829
191.15288408254807
111.51818611358973
154.51471636613377
121.76750295823129
145.1739030903989
193.44822610186756
106.2068394083362
168.50494374187252
224.12935740222056
244.34568258900123
237.0956846289093
295.8496453575423
161.88587464847782
168.88522882358805
161.65045528509347
305.7193202888821
206.35112517268004
138.63245549710425
114.14881268969636
119.65625774389207
123.16753154032779
147.42176510537635
396.6798249904675
100.70896920507852
118.73040892630937
225.77158711754498
139.16967205183823
234.42424618587026
213.26626113533106
154.70295784069162
102.03050573899559
134.59248284007717
101.07815743598
100.38252131349776
115.13603202429766
192.63266806589024
299.37276152053704
103.19475591842867
103.89260738130062
120.07453826357202
173.1399056515444
192.6214757857366
102.8144809089325
106.40255366595058
121.71052140460044
130.42238114783174
126.79360073202047
125.25628457734095
143.20714907264102
104.28181645421698
121.11058896192263
127.05317011836111
145.37944781063692
190.76276433289723
215.24774473470697
158.22606065201066
172.2069844078279
186.9155031347046
244.37434681117347
116.98141105182212
140.6038206729421
124.3719674083418
143.09108429280866
141.8390445825914
163.91969236185759
109.45277132084982
108.1478408758915
106.45941445813975
141.2460092766529
160.67348743710704
108.21006218505222
129.73771348609355
273.73279098807495
132.66980103756205
145.66359465216613
112.42632027896526
100.49289332303893
106.3940351023299
104.15368934531469
118.5071223410476
100.3414794613545
106.43835635366096
116.23688665828942
118.91513501173456
124.1976624919223
208.45118259829036
100.75035367281131
102.7221603912534
128.25905554692923
111.79479580019957
153.68252872515004
106.8417879815941
111.40422262115399
119.99208972656926
122.68405063714007
118.95195065006133
119.99303113833433
100.54448503863307
143.43404667945248
102.36908283939464
117.72871071881548
103.14841060633628
105.23758627308662
104.89658025975359
104.0980974079492
126.63675538909007
101.72225496883023
123.73934056591713
156.68121989729764
126.1757743218517
161.5859150851166
120.57516832269282
132.82264008003227
108.62870251312204
106.63108219249125
129.85387605399225
117.86220807177438
147.90672806664614
164.08806949189733
140.88868328628544
139.89178063379603
117.24600804419683
130.49725360512892
114.14845333919624
114.89621562837502
101.94089735194228
139.86194941171425
102.9720131198985
130.2965682347703
126.7696876420316
168.90538216394927
114.87698869074171
120.4841757715903
116.42448995743501
102.52632528775753
137.0406578285292
101.79747943075378
103.91159284733367
179.3423355149494
132.7666107022887
130.1413466219655
107.08541813229735
100.7376297374179
162.89859772434303
119.35505889016358
135.16027824824138
108.53414626672465
173.87918434620804
127.16943528861114
129.26100773375913
173.14211241771758
122.05496664234346
107.6758619025663
119.6063182724509
112.54206511523915
109.97076551658655
115.84385586506706
116.80303372470411
194.7509577153673
136.34798176909413
218.9847371622483
213.60957140261814
147.65162883757995
188.68507668770394
164.69778304052778
160.4481428924411
144.43599020764083
215.6083094806036
132.08513157214952
131.67284124714692
106.78602649809878
247.0464012855514
140.81684176639243
104.96596809629112
130.607394133589
105.78462415081948
163.2589793858206
103.39137440703718
103.10778858921167
105.49883282733512
113.84156332041351
139.4602921138805
100.70320471017288
103.58448522156081
153.43055890405282
158.60022033807013
196.31836158280774
222.75598522290875
191.4412558995313
115.79536455043562
133.8045848718
120.46903092549378
119.53737724381926
124.42525717570744
161.39616423851172
115.13024826283826
253.8088772697782
128.9890200623408
134.99009963043454
239.96538491244533
101.48056428066705
123.05624977429802
101.7518258978463
151.36031669324652
112.51887852714485
103.31768771110286
212.8814886222711
103.97504453047767
122.12116348028916
160.87242236312574
135.70894990364295
103.3579344341091
150.49942637299839
152.8810049492115
112.03967121443294
115.18299158363364
111.86735122539162
114.0986354007809
299.94600107286806
100.73265454901257
104.13755183701902
133.5106964870644
104.08634717791756
253.79113300428662
193.27542758182398
148.86835766050362
194.57576341221844
210.11842906738175
130.7013611883549
102.32075401848805
149.92633294710924
158.81084013587278
119.45617060952095
175.46472415734354
207.940169726137
109.62969101783314
126.42580530521066
150.49939018741296
218.6033031436415
221.36791271932316
112.63421067605971
129.29462707253117
152.4205893383043
101.23073653217082
292.54791455532074
182.25176062344912
196.68284132835814
100.81686369893153
286.5473462863451
175.1047278647333
188.50382763932217
173.06939726532684
197.35698702364414
156.17880302856167
150.7739129361955
116.66672018327922
102.98117282275327
184.77749330548178
122.12010676998675
115.63399186923044
164.04170965415656
151.2160666685406
151.48867539477763
153.39943273059185
162.8931887253902
240.98177465084754
177.4840353505282
100.79854446740131
120.95482257243688
286.03375732886246
160.73630154636464
141.25623264643636
101.39734258507758
121.35049421307718
153.22483507001928
118.49157097787872
116.91273731064108
136.30789180427874
102.10952683013437
137.49922635558474
127.43383730731117
129.9706082479362
234.8165905852411
112.44948621590666
108.71302937877874
113.39949137239655
107.96686406024077
135.91868423058844
139.79203782429758
145.2469990037043
252.67223271513052
167.56772720963767
124.40395492202023
159.11819272158263
174.31978505944664
181.60137873256167
163.1042082341864
100.10717215390135
114.68214167153985
112.94643476582792
199.84531922226108
257.76490463197393
153.39629406786193
117.23458190820556
119.68954325518526
121.74610427954978
182.66279864771118
176.5181442619088
106.52215526595646
119.62003439637672
137.87354232475988
106.59905810195511
187.54013816416094
101.36216562700645
100.08446323740722
124.9053669028799
211.57609196139458
134.37368996354246
200.54624888038126
208.08445417761416
139.61017045490763
118.68770851028758
137.726909596396
110.73471669976762
181.86189404684905
133.65637017674416
161.69164692038694
100.6817245984067
143.7424580650997
233.87243651805332
129.15477028188587
126.988169856228
100.93481623279393
109.90022298172721
122.82479390110629
101.58901037163366
117.60301860753492
105.69900621981358
128.90931923422988
122.1555659248164
169.6401152751558
255.43320157067407
123.00098780995455
109.52402145655573
101.37473447395489
108.87261388349019
176.71539040617304
100.85265326383343
180.8347358440805
100.4681677836976
112.8129806189625
100.00614465062
158.3216714863721
181.85589358681668
125.71468969211932
120.76988757824992
146.7634919906171
148.47053818421412
162.9659284830829
127.6629177947621
149.73324217912503
158.69696560831775
203.3649732601226
106.88107545293109
104.72174263334325
164.66261465200816
131.2519278472646
103.58673824577642
139.45837828032273
153.74449606916255
194.43046481981932
120.67270188439367
174.67582548677717
140.08336632501525
231.52801686406178
116.57093024706595
205.83163573185186
212.756326543352
203.41404782487473
106.05086904163802
210.28577706901578
111.17518083623487
127.85851302898449
102.45913227367137
147.3285871842771
134.88739720286392
147.93475080401765
100.8628959741089
135.53763027500176
159.9104237269668
135.2171708735283
142.791058695286
177.03352744648222
184.91658749900654
150.40612707315344
130.48391217737793
115.9277985971102
145.08510255204493
150.80105861541276
107.61569218003993
104.75788140863818
109.64633889882508
149.09558413045056
111.92895163283754
109.63813348070771
105.48956929728405
108.82870028610272
169.20443671548549
171.35805217496244
156.39467825943973
165.30262704621208
179.75653196860162
173.22520910165753
166.36193010821933
118.49732266032248
144.2686361017195
142.66964391225665
214.69712407892
105.84535054232954
118.47434218216164
144.3574319177751
100.52631189454969
100.09637050032478
178.90740810707618
116.71235853939622
170.35147235662376
100.4158730039199
100.61138557147966
210.80650499008328
102.25833986237505
127.62413696497615
103.84656047864905
100.45878738070166
108.96898484391694
126.18870621032603
142.34939129908074
103.11758787095975
133.9521607361969
105.65957706022446
103.14076046465587
136.43623804405334
113.10019008313444
107.7340994534628
103.48530459615816
110.13326253787605
103.76630935869878
119.72499927159832
119.5524614296702
151.43671278679508
105.45314815868016
168.3577638907313
175.15401153380506
141.4178951514306
123.66392321256258
135.74097443951234
159.0625109095858
105.6596004164672
128.99570136050409
108.93220912480248
197.30609408554028
105.27112367331053
141.41490034369684
169.92732947224724
113.53804474381243
169.42342778571282
166.5290711944317
172.93305830805738
138.76446227246547
106.50804804456061
117.18884768302495
223.98158026696868
100.78143276386142
120.28325794208736
162.36040726871477
102.93425226474692
168.61842384316276
108.82986110959602
221.19086277715817
132.16602614822725
107.68281942381904
104.94957202613506
116.33960857380944
149.03566665751808
144.33704256018638
165.43099600571887
171.68752926651598
101.02378478057804
100.44166171401163
241.23133166283185
118.3469645524884
126.9762468797801
146.65748665845226
216.95549885718117
266.65123790883905
150.03813584741263
137.3257971606572
141.17201975128378
145.9804093942234
140.77806819513688
186.9959398825744
258.42782974397966
104.4358518522905
149.5578300968365
103.5818745897727
105.67750921096139
135.1263176364188
129.0801704151667
101.56829754792942
100.48985938874239
114.95717402682794
103.67984440982923
131.24614580850252
154.72363966254193
129.03895733160311
173.5756214698459
160.47795745076905
175.60874765359503
116.31182370734639
137.99034131952843
113.38675193648471
176.4437989883357
148.2117862118543
166.9415262816476
160.63225703619025
107.33427632596313
161.48707669318563
136.85680889991238
180.38376956457904
133.67273087566713
177.9530081600761
125.48938767942153
109.48814607061419
102.54880872384952
145.8004084496376
122.48197181451273
216.9851607665722
110.3854693234401
120.4910913200416
139.17531920760524
167.39380496097257
101.84887524246511
168.03017939306875
154.24388313809104
153.3861793304134
104.06608930274433
120.98849144116778
110.17381306725251
121.16718656756599
109.95215877307263
115.22319368039787
121.07921533610158
126.79477293015239
198.51253800965253
192.90342233629738
160.2299718826325
157.69626981083366
105.59187171193753
253.52838012342917
116.92203700566554
140.4323301942699
128.35514987583107
172.3162569698831
119.53882298696001
200.67143309029876
267.6892697678598
115.94771312632618
145.7462059208179
135.52038596414278
145.5299468364699
124.39019939955723
195.24317528342632
132.9821492942003
119.7782423279434
160.23209909722465
145.46243296316385
136.21940857119506
204.43382161303128
286.72578252299604
176.576411474766
237.28857614363827
124.49158898197356
102.63293611439012
103.60774276145104
151.11697673072928
169.35337032548807
102.0360059904315
146.45557907116884
121.70241214804
130.76743675990846
179.65598592332353
259.583864798991
161.66951654205195
249.41117434554238
220.8859047975767
108.81484959200021
119.86416293418404
249.07636038328482
106.31719890868987
258.27635008584963
263.56078018743545
121.58641384118243
118.90947885045207
109.86308205398733
141.2679934848331
117.1455918554899
152.60159086823953
120.64159671409593
149.46848745244117
119.19721973192935
107.08579548331053
106.79936589417385
169.75726057994632
128.8237488089696
203.78871727286815
220.31955472662142
176.84255870577636
102.77672398062143
111.41664455271017
112.10198232891531
144.4850082392878
155.45609947180392
119.35325528988531
106.28689356992624
191.12271767666593
150.33424263719468
101.50678924310594
217.7317277562837
127.38606675595959
100.35968204732671
105.16349672225807
175.97688939180406
157.4806017751009
183.17942703010738
103.10261075410858
114.23630732776114
106.51895459906467
146.44346116485696
152.20952260269252
130.7745582569109
171.4801276269741
101.4717010372998
134.06899731612944
240.1904180393212
112.42727297645779
115.53756885692991
275.04392522741404
105.95821784021395
104.30797661880517
118.77204826101946
122.04168384292369
169.20781634696277
142.99477779807145
233.80105534004323
231.68521873501552
174.0200187972008
131.51041961448504
130.96565220257634
114.68886939436065
131.5152137611034
111.85532244403967
105.62591152712778
113.23343659685666
159.88715676121694
134.79783189824363
113.50478380549066
203.21327428635556
105.08978817711498
107.93310372507386
102.07282165068617
113.45703100582256
140.33578725448743
102.96466926387815
144.8041619966661
102.10612500584521
109.20875146813125
135.45958506926436
186.77104391086212
239.6075507762568
101.03454297484213
194.8294504250984
100.06049123890242
116.04602501831825
125.46500317441382
135.85317886712875
111.7161120328202
105.75558957346286
176.31307912577412
212.87170399309392
143.3679390711856
155.96021378133693
264.2198426698222
113.3391172726164
182.74956502739312
128.52457891257595
151.3248279671587
106.85790231135279
100.84101410811503
151.4141156774521
172.84047416313425
129.93298322065544
184.17528386452216
156.10798369631507
191.00791745643733
207.5347983616109
109.65261202979987
170.0903616236736
121.56660610442042
148.14514256388296
150.8735182454726
101.96862775696917
100.39474074684456
112.77544403389635
107.99255796493169
117.60398101535887
109.01892174005862
104.73551596897954
111.22821087508821
105.23164045236959
153.0954804092175
131.42452897059619
137.6214837451569
142.35611729137784
160.8671469163103
156.1484110890569
186.45370085151717
126.45612210720664
190.05186515823806
125.55699976454154
131.37201495356967
206.5804464358857
108.29667838762946
105.82344075786202
101.77295274953738
148.22540096121423
122.69208953208435
102.85325323228285
127.34164227381274
128.6556267634519
108.11156388134073
163.91538488139062
166.0422851185118
133.01183544779568
118.1386964239989
132.01502009069074
126.64564785598546
157.64827926412244
144.446616069414
124.65339338890857
128.37465401037505
104.21520690697426
102.37113667527082
119.96135518837644
100.12500237769888
122.2993075042696
135.0684687679806
123.96818849751355
135.9530257334006
130.80018917064447
183.76989713084015
112.15514579339819
114.3863894732498
118.983292768989
206.9283207643466
149.7943006092875
108.53150386583722
162.4334045030953
183.88963258434558
105.98601509172804
105.28782895050495
149.05942960588462
222.6274098115091
140.79806120469354
130.96346687386864
129.3131139747706
127.62777078204994
103.00553243800617
140.97219751375113
166.31939457494218
140.33981689858248
113.26303093909242
100.06476773184964
119.43689459131716
113.77475943840601
104.81133255985405
101.04867620373547
132.37362457138087
100.95479738947735
107.0802239083724
146.21801717490933
141.60004073560197
129.22167277622975
133.7141820290581
240.2634827148103
202.74535891402246
161.93909387886876
212.55760066028625
105.74158017619584
150.05119269463637
105.69491621036754
122.80381870454377
169.81720782317362
103.23997525397492
106.30959534040603
102.9581869616965
156.32056531871612
102.860088827112
123.15731633851914
106.86284715912448
165.1288115839032
157.80425240877395
107.36386906258399
135.96028276919208
104.61801632623727
102.87701947607455
104.92486424669833
159.90102230608238
175.49424094836246
105.06909736325011
117.68224445485393
175.9909690212877
101.10771886220414
191.19796690723328
249.24739797656562
115.55983808200064
156.66128872660076
138.64893606990196
150.41271687213506
124.17355625686248
151.0902048837216
163.27127503570793
109.67056399707833
111.32743298275304
112.29004223325953
103.19834627445367
163.01954706690842
122.87875483085827
155.55117977801072
116.86652135266857
110.50040632884246
174.1624278616846
141.236612467364
138.94679390629813
103.42457351697828
139.60979419620696
125.38896383731928
103.50449150687913
137.89035088963232
140.5199773568054
114.07744512193104
129.18973773899373
125.97721703575918
132.62500347341816
100.89201489287521
155.56331890122505
139.7263884779053
157.3904592504925
107.8628834384191
143.9875578787965
145.06371133622858
104.31851336826224
122.37133972237207
218.54685221750557
142.63563861974495
169.23396404002415
114.09110494770322
116.0523114685132
135.67647949596423
175.37499835958803
195.47287560167882
129.05598959232577
100.24174122888014
169.9400243147218
192.11566931985263
105.55101024615963
197.19897624858788
179.1793939721422
127.40874832642763
243.29283319953066
119.30932966598004
100.42037877296815
100.75700418906234
179.21968605067553
196.99015776589508
217.02956320053516
180.49427742983283
132.66373575442375
132.1351476556436
102.9188565551906
102.92149758077414
105.7064444420428
153.61287644511663
114.96322016410736
107.60503697675006
114.30296733043484
129.71057554216958
174.8227580875778
332.74266075735636
119.21488629304291
101.32660830172738
163.4656656885797
145.40582661412694
151.17649315905803
203.37236079367528
127.84992005173163
234.29328446247766
132.60292907223646
119.86321405861045
167.8731039684177
103.15756354379965
128.90768740305637
101.72863377986626
187.382983506145
103.95159783504664
157.2832742673629
175.83317351451166
103.98591843142121
197.80718691539755
117.90237307960467
101.43070960082983
104.28735192413782
116.33086030491961
189.13652731683956
122.63288462866406
105.5314024471991
104.93313679595501
114.3377555475621
119.0287992776649
191.308818194632
100.87455334145866
155.48300122124687
101.84069647986091
150.74926255626912
201.30567299918567
216.95939386471377
143.14554626673507
147.63572123493546
141.90473906585748
329.48309540593505
101.18641502366144
110.52378255807564
115.55565176068698
101.7471281723944
119.29255822487818
100.26599811149701
124.7607308375779
116.61781010601487
123.4623897651596
107.18026185571549
144.2389540968169
174.63322384702502
136.18599104206442
130.32140259609605
110.83315347959629
125.85195587385397
125.09188099864825
116.49612747201012
180.54697713051345
105.18264895679195
159.8172662675446
106.54725391745193
104.10405589108714
215.99572172047297
127.52492674873648
219.58898028020937
170.35580454500516
178.75506742386716
122.38056694173535
117.94007419155146
131.16820958029427
128.17141737478133
118.7983358404619
156.87167170950676
118.77214966774956
131.78770168845034
184.83784015863012
155.27536018183002
136.35601312246993
153.4769064438019
183.10502760667907
166.16746273221665
193.11944577530704
204.7305320098938
212.54253119386263
101.55041636919282
110.01325172410814
172.43048555245807
145.2818847861523
103.77765804440111
138.5840802183762
187.25210062189592
108.75542125380389
100.37741984494362
161.38625617158596
127.2415102193166
108.23390910372953
101.92228329288044
127.87818480973263
108.08900290169413
109.88479290475263
190.5032522797989
199.990354554929
191.9699426509934
133.9469663179359
160.87790987712566
213.1986985909614
105.99633746718963
102.20861187570164
106.31231437836978
127.84191983946513
116.87290159199108
126.49078041511083
166.91439267420617
148.62833829108618
151.49843400128006
156.96359999701878
128.4544788975152
163.10627899537553
169.78734865209586
129.26671921118862
109.87322784876717
157.38182751006022
140.40648960702566
124.37705865775438
167.80139027443056
114.75481008598149
146.12008868663577
141.44863131675228
185.93147724102636
192.30719084099695
138.3485819252227
154.07867256280267
105.02652857180541
114.25906452689507
120.50234371705278
167.86373219546735
224.2144126643404
108.38501725284603
110.09522394635285
132.52598506645947
131.32082487072532
133.25330384110154
182.3761100416075
174.83022799520873
112.96639640559775
184.54699525629155
129.89241546053734
152.08967955294375
157.57805311627698
102.68764135290276
226.99080977601145
226.6923494061733
147.6295737185892
236.3141078346453
112.31156559722875
114.18132285041625
124.48674100622706
116.38265998768736
130.96627461354007
206.75081817669235
150.48833688412918
176.39018435695886
182.48777552960274
110.4144434497698
132.9851419641377
118.36676096396263
133.85468151106267
109.97560659297395
100.08708334554777
136.26108581636802
101.90934809357195
127.26400474924569
100.99288982212339
144.57707764859614
167.06725941459175
134.69624798545206
157.5449732918095
140.59914853146066
112.69092281045616
135.3554823501338
100.85682572990707
104.24131765312734
115.20939281062248
156.05873014354017
134.71706310532724
128.05119167564948
125.69635829831927
133.16060492549323
171.80096015942033
103.62294036404217
184.00955284489544
128.10861320911056
128.24333750194316
128.7137402882977
243.38919434382834
177.76044055490598
181.0062006598097
137.68884954589228
106.23739574277563
136.49526383041606
120.86737816179553
114.3279315869417
132.17331942763886
210.85892633437925
130.66986983512243
118.05989637248125
117.41460771505636
140.08194171921804
219.83999504169643
123.89510230880028
178.35248087186872
106.22767708430418
101.26487184386912
139.76860079439882
103.64477494899177
127.63537234760884
135.93418667216017
161.45049563073323
164.52447092623848
179.9474014027189
139.076558479878
133.24860485735013
103.20341252454037
180.48076186380112
144.31178954712504
141.2925580618649
201.18986430255404
117.45859783815862
127.21131736883162
159.60863359872513
119.96879407424932
101.57955886144954
123.79122659384373
102.19341213127608
188.41307151860687
111.83848473104256
168.89072971687818
158.86347601066774
176.74713475904935
165.75849053435334
144.58835573405244
123.64092826927948
101.55948216341092
118.66637046548095
149.7926115716347
171.62728397969724
116.90713610186454
196.5891929215811
175.61859036608178
199.4142737947683
114.3413913511175
214.5251438820619
207.3909414035741
148.97466771080505
239.74027448974428
150.19208884431967
123.12042743286764
271.36248191266725
274.46768201948225
158.4238675815479
123.75051520895707
151.11011435570242
214.2375988355664
233.57685678807692
248.3618254750546
141.63968913125737
203.08916381081795
245.81691150952824
230.2849010527757
100.01756762230498
106.20282369524787
109.75369634862494
147.96185549957946
309.35223180476265
135.416573727711
141.98278857252927
110.03426863253844
103.11363432199929
171.16219122422868
206.89920560082655
197.1385620787041
203.63544288805107
212.13443333942044
194.46524508679678
123.17976189856572
277.8299760854669
129.2674399268565
118.15258020235271
138.2312931000865
137.37464748647824
134.05850177688544
167.04945680612656
100.29746221163514
105.26097880292151
142.13718953402844
154.45370945065008
110.07742992689498
101.28323846469388
167.77285580765516
115.38554160767919
134.08043813262836
107.27035044802032
133.78082499414833
208.7761677271874
151.09364905425699
130.0943601375206
122.87007269915713
139.5554147372426
128.44781651803393
136.65380775739183
119.83550420283147
178.57950620617615
108.66188643520043
107.87399909816372
143.66751438367223
108.66350127860662
129.53098996693026
114.311021089154
125.30772718566152
115.7407375057946
207.1426584515373
123.94151481556305
100.5360387191895
101.23266036351367
140.2508002108074
102.9329983369968
201.75327961102914
108.18310335077805
123.05352071708806
112.17068290370682
100.32035742635827
111.61593681552996
108.56049720244208
113.51212826895171
121.18041003283763
139.0906066270226
101.89720588630752
103.58496193444218
169.34978630586085
187.36134024224233
176.69775704711913
195.16217171116105
123.47580686524482
110.64628493601188
141.90538261658125
107.12805343164757
161.79596860246912
115.99659902310586
165.68865694885312
103.59760795674435
102.78780162366867
124.02357215907314
122.77071614490876
200.09524803379384
102.37720222017481
143.8554208484274
152.34399308621113
138.83418039057756
123.66999163305483
127.35057793230104
103.2021015218411
125.78680870630001
110.00157827858322
198.23217066114674
225.24364675202943
102.14320233210563
111.55928486161481
128.22482022914502
177.5622748282752
145.97722071567156
142.40441442250952
132.25032938169852
140.32110128217204
131.88318108609877
109.1858674113049
106.39903386946021
104.7908283916208
102.75455627515797
134.3616293929473
141.26291661634014
112.81383707106453
138.42144004148537
103.77766620524812
157.48661656744906
108.73101015297436
118.84808595540198
155.38692936461706
163.42008886558727
191.88736665816674
103.5926903450934
124.96055544584236
104.69157251171515
201.04863047413545
171.29104222987667
105.90533886585591
165.41918197114595
145.2380446873152
101.29121589362536
116.38014861812775
173.09045845760073
215.43065065546068
118.55503109646335
216.0016424538346
216.18314398168496
171.18409966205132
197.06644800416737
169.0474353608328
114.29291600839836
121.23375463642398
231.3574633774287
106.57853171883124
120.37691547457175
130.8213569113713
148.62237555658942
164.77988941623988
157.68595574456606
133.23894634938767
101.97153360008221
339.1482009848089
150.14597396991127
152.41690749394107
140.89230381853275
108.5693426707955
221.24390714143271
103.24304370464912
175.05776034029438
103.65109741132846
124.01832056264765
156.77865195942522
154.07634539819884
159.1446644268762
110.64107649283882
197.4410137949577
172.67451600810372
160.73891591084717
145.2188181584793
154.2692964853523
155.15150128153923
165.6612675441001
136.79072197406367
258.31044760382133
102.7707633600802
336.602022482132
339.5148615918577
104.40648732927241
163.71406023856173
147.75931253740507
201.77099354315578
142.21754939810174
150.93182149978242
211.21406765567139
227.36328977880177
102.7272115142305
149.6787036075966
307.8041953559513
120.64394098019704
218.0236328970636
110.57799696744225
105.74076349252083
135.77864646749248
102.08401852188447
101.37588669541499
136.65273560483786
142.82674712611635
101.7916440018416
140.10005852446875
165.86979127449186
190.54549780998857
103.37503717971228
144.98383193988886
116.38122785582378
127.80900055446484
127.94398843616894
111.38159401352253
113.44756672029382
115.32342398612003
118.3329218757854
140.10995649263944
124.201834954198
162.7730938164338
199.9115028498699
160.7660850839489
162.3949609380513
200.0996070251859
161.54064492742012
168.93690310242218
238.1370970819051
221.36287886953397
111.30172414541761
126.16623547091535
102.3652611506122
100.03979054703332
142.98261407753338
148.99303579905893
109.78435867138211
114.71882536634955
102.62824149582038
123.312749562116
243.34632538342822
152.7032144233878
110.89881072866403
149.4073433332054
145.08784672327457
159.96139555705085
147.63022954442263
131.20665363689295
184.11797132943582
170.68723799659216
129.4121515988443
169.7873316502034
128.36904219639098
229.9868691869279
169.2364116203363
105.67821048012794
169.86504123851597
138.67779939131424
143.92492299392853
125.3675110357776
125.83910563788832
138.0549575852796
135.79026237798277
142.02611278138812
160.39758311887618
164.2382206952506
130.7095145457211
116.70227035095542
123.38495371147584
144.68187260419202
137.53123676932233
136.4728767865518
189.23693792491736
146.8549930611564
103.11568310072074
106.12535031417526
102.07108517293763
107.39479885101414
166.08659254641924
172.1682092125172
114.56979733692827
147.7304136522434
169.5975779667971
155.5861440841729
175.10092881220044
192.6914800790001
247.83249836827662
106.73045829440426
104.78399695861606
163.73900178612467
118.67207260256527
115.02850631953304
114.72112044437598
230.830402582736
270.10801340104695
146.2218063614653
169.86156118288983
156.65842867314066
153.01842988115112
112.34021027495801
103.99812787006518
132.7133148775471
128.73614987301374
117.25476324112088
125.09613624687427
123.74453672065191
162.8799609751264
115.80189350712654
123.75227170771475
131.35535460035368
166.63460176585647
158.91162926699593
102.84376722508718
145.54391598058118
137.76657152578613
182.24643350288972
106.17588117651972
193.00722724864943
153.43971023372023
192.8377626696081
171.83698806208653
158.9828529534555
113.75252471978187
167.97224574831532
121.97224590428962
155.5627361772042
100.55948364310207
123.5471606352048
123.04298202376107
190.4596937049966
127.89356285736916
153.42347057540184
104.86520509846193
113.49042801209829
139.30779857263653
111.90828688423308
117.26853750538648
130.8803732921223
103.64414619965956
157.01758656427512
197.09492065554696
105.81722429527176
164.77321157584205
136.55066020265488
134.35685800523075
154.7513542267476
192.18837411415282
108.80612550417467
111.02436014851573
101.14693869653779
100.33458845437482
104.47779079815625
190.67649810974
208.58849730073544
103.10437033636727
106.1532089445756
136.3644437906726
162.0706125880266
128.27647040431577
126.08167763208493
109.21757407510607
141.48530463666287
122.2635804631325
129.7551622139367
116.69177439923087
147.14629101675925
118.33452767188294
103.27411263251204
105.50224383837113
195.68630900188347
117.39991826331458
127.99235685006313
161.29548211629418
156.19647055839866
194.53686484462128
186.33455826795918
245.53694071956187
260.81814331841304
174.89431270466252
109.54878768704374
170.6346158660614
110.74166458032883
102.54736975113177
240.65954602383434
253.58821306187272
258.16068710052593
240.86078224271768
266.7017359627971
105.59990485789348
112.93581251504796
137.95175394208783
137.77226071952146
181.87084803420973
100.30720068123975
159.72046097095372
100.24295011517187
170.75180648713624
213.9810471653764
108.39335780414658
111.84316805606532
167.87255278081977
108.23203177290064
151.11098094448045
140.8346599761964
143.09683113924456
108.35069350991188
105.62218876230007
133.32320773706803
133.30464757844393
208.90011231344351
104.98161903392227
128.02268962598404
138.429020245493
106.9019126108536
102.33219515686201
100.72133114095195
158.47864122203902
128.7081780794328
144.93924253477803
151.1819548049913
138.67017761479397
174.36305460854214
179.51074316575833
153.2639573012197
139.11280967031658
112.02565128527266
112.13027300134303
161.86733747835794
103.00140511448487
318.41130982367855
258.1342034184066
131.1863083299613
132.57291297647154
142.58981132365918
104.92183901268612
103.96328251407348
106.20298694363922
111.81757867542899
147.5545351876964
103.4163583602025
134.51089783725612
105.0187640157766
141.64112236737583
135.71949922279703
149.2410392369347
156.82676124077915
110.97385295114785
145.62496389467412
103.51129512444462
188.43293510426335
178.2142088055508
126.22548203924133
167.6491926460594
208.50446107195984
164.6272428584707
193.4605849981493
210.34692453713777
134.21231982009732
111.7361693849202
114.40049105355565
144.93793197967057
156.8701144544561
147.63177404574927
101.59123403700293
124.88176658352383
113.71960106401357
249.5298260575153
104.6338963757114
192.048536230603
257.5161478031221
134.7361781874203
239.49037556946453
185.77660429234206
194.2033863077339
162.84252184125663
133.27712959859264
151.54929641733727
118.06287053537791
221.14481038202632
209.80565614029854
175.279915878209
142.33072644379723
150.72465948868017
125.8279006797087
118.3149694619786
163.17395903957106
145.44507012965593
123.57547917039375
110.51427598751586
195.37289879983322
102.38434062145487
199.31504733332133
210.38821888914975
141.752770652747
170.724263034542
123.08057293696163
111.82241235683468
134.32365676880278
136.4276277951113
156.60853461475213
145.1317973567444
163.0596763308424
163.8844804491858
158.94390459940246
178.5712944771276
151.80709392807364
228.9433772328111
101.17224840542356
100.58672980551535
173.9648007512411
194.18999245861494
115.45958435884855
121.11059970947905
163.32721392854268
140.02065744455686
108.91537567180475
175.80340403805818
108.13986549716029
139.06424262836816
113.73556775189897
136.17306805593944
230.11373167111947
101.30895909808925
188.86195279195843
105.54401525436673
151.6423941420297
155.78212293179263
152.91640220348813
171.29022376853487
328.73081090844886
105.68481546189739
139.81776014528285
166.9871065438788
130.8727078231684
373.6287753047947
126.20761031708038
135.7722329169972
137.9690430561276
138.20344478180886
146.8202400099446
131.02477649534256
205.2298938417749
115.1723922623444
106.63955987530467
100.30583200613005
103.03755747413621
133.65821109427782
163.23565143699415
105.6631431023989
128.30746294322023
104.50665034705548
103.9611478403965
160.4433448269466
125.15842754799526
132.12907120345707
134.44895360866485
109.56693245300862
126.69979212090053
116.74044042197144
200.88700521006655
134.97589572106108
124.02920564690506
111.67913415669086
149.86730850369722
163.65973369284143
159.1159339039653
186.98973789182105
122.33901303056928
103.26130179940861
105.76252840552414
127.89371623628803
126.53040558040675
240.6550309117974
217.76053010716592
199.6347704019137
135.58005626546498
268.1877273773241
108.53585917725839
100.98572516801596
178.26147206560893
151.80055802318796
117.80468789740286
129.86650830222763
172.1023027575521
132.3519191815736
139.32619388879328
171.39683633320843
120.67501060612481
121.48222763982052
140.3670701469247
147.1390868537693
136.5752384994328
118.82187865777094
142.99529395813406
147.03331130306486
135.29968459660682
197.52010993557286
104.49448656481837
134.39248670656136
185.32954307748773
161.40645721221748
225.26636919319674
134.49159396725744
123.86837614807817
211.48129382174574
251.6380813000121
253.7707860674292
158.08682407299239
183.05097000106736
101.34800122725787
131.66939568101876
119.69808140066465
157.2623187476854
117.31995648812648
106.1994033280855
102.47632851209995
152.5115776695972
106.84707763112384
157.69307262843066
109.24460312424577
100.34069472825117
139.89436408957653
102.47454405009809
154.22292966660245
105.58914565354158
196.96810916634777
115.6752449017012
160.61674812182667
134.6013692003612
155.22406911318976
103.85516595932003
152.92020964295088
131.23024005582553
140.78227948832344
172.31152515871906
110.04307975077941
190.48829870824582
202.91291894324544
141.57764615254337
121.25709713987044
108.168641551245
107.43088170852671
104.40717545235181
157.65474446630284
174.112198900872
105.36808510369234
103.64079177055919
131.05099247132958
131.18793997818162
136.28459370302153
103.77650433231851
147.36340796785447
102.06472279514902
105.08775684119213
110.37464673741916
122.33480894962325
127.38595043660209
132.12151145663665
105.89073094767407
178.62055679685338
136.34133609490002
207.51948329963645
107.87800964178942
131.43108497959147
139.88007037810746
128.584337470257
155.16356922807108
113.70971265299436
146.66353866871643
166.14935988705636
108.47741381300862
238.5165159057088
103.26989322374328
196.48046609446598
109.84017842665821
115.393837011392
178.04598979456748
108.87660979754774
174.09162886844106
155.41083133312733
168.6913823866132
115.87270304454583
173.7184339134948
123.86402727407778
113.68155427300769
216.329761128292
171.0325438903825
116.01920368419937
120.04532644375924
148.5205225116628
126.02828083261717
248.79992540172077
219.3400835407755
217.99773326418244
144.67499197466142
103.36899068103074
103.00061925793845
158.51147532868913
174.93034198744576
160.67110099437582
104.97443935922193
158.61827000465019
139.8021818740464
185.16213068562595
113.4846807844969
134.52143368764084
112.6283038796379
100.6935570152804
141.4805309523548
140.48303886327642
138.06556482290856
115.94509755193184
107.2052439297111
138.21925045311752
157.1483236045347
107.42265626555572
151.8017841938102
143.8638854925783
150.8351179249041
129.19757004873853
200.76186579119562
143.24889093793
120.1749732409363
103.48194779953421
140.57433843931616
103.03531325924688
125.77791369682743
105.71977715106794
106.08867088176959
128.1644782162302
101.71082803087178
101.84430360494397
104.91291838925324
121.32797240046064
115.14398877291362
132.71037481542513
159.65574142465306
149.94536775151556
201.9375079063893
146.91829361446375
178.94367802397636
102.92203931670504
109.93131861595647
179.95933559970146
127.0011095841099
122.93249851310678
156.22511858779788
152.79735661837802
189.84403917473247
115.19543756760902
210.91435519937247
151.56620397371034
178.39745295605428
106.84284768289928
122.38260675559266
144.13478911049083
138.62339598351417
199.85230879482535
125.45283381148
224.06413575569255
115.29552449234944
132.3816457329646
105.48916437995916
110.04371252586958
123.85670977121293
141.29173383939573
161.52823624798376
107.97875934652001
110.86445257783537
123.3459177874946
123.07371093543928
166.5937075573294
312.71358482642324
121.69377496061571
191.9183209194794
138.13853980219028
206.08700195099036
206.20643380344757
106.30153774273442
251.86317317129425
184.6307648260573
174.43219371960802
111.66981776301114
142.45895165914314
115.66194113131539
142.8468741348797
181.27707862346003
251.2551437145146
182.33946377278122
252.2720878581784
253.56063216426952
135.44467695323834
120.43930908920117
160.08771498728322
175.7052188506807
148.23146126482567
202.83792646623908
125.74542005959754
150.82578085525228
217.56283677292384
173.58074909006507
215.7678260655173
157.18890818299434
152.69082287190815
117.75524351517103
147.91154584466608
197.25177135700406
107.12628165485938
101.97177673509167
107.68639884574694
130.04972984846287
114.56387686918076
184.4371876621494
199.713320954226
204.66346073207157
165.49670781337196
146.08834582479926
130.21780179826172
116.98937476804898
197.25702658020853
152.92398458705787
226.17335264932618
173.21463676241476
121.92310236739964
187.46196929327402
169.11599788065686
137.9250187377091
197.9148296751392
139.9225988255912
172.90968049681246
157.3903568292177
171.0275091158873
151.73442534751436
103.81125846874814
156.01963830990036
190.3208242520028
166.08767640425614
134.55717028335627
189.4254107518895
224.29234618668696
132.15214708142238
110.8785134862629
133.0934111455278
184.07569717893332
101.1867402083325
126.64053701697395
129.24578415094447
122.2357426017245
135.26983451658234
148.79037186444404
132.8332625434536
203.12377601495803
126.6448984040231
153.7175316555085
132.84885605352173
167.56037659219842
124.9131473462684
179.55405817444426
151.44915529235956
113.0113995959548
151.84839150635335
165.18445923982418
155.87395366834815
132.56596971876797
226.6982581127759
215.27509156959212
197.2316171947306
116.34493310046823
131.6888557867838
288.6462175932731
155.11163331704415
191.17526677224413
147.84285891974685
157.32421633539823
151.43640688560055
164.75116070213707
108.89587698640966
139.12827342048814
184.85650596277134
209.76484144344133
130.2502715713825
147.6030899143382
138.44338674697602
127.88917741327452
183.901555821835
145.7793221301703
135.14998916921803
105.65249812918165
135.28803258408544
103.69443415867626
179.76481384516416
126.38744317276802
226.19914672021062
100.34371446566303
160.35082432215629
178.58855806438788
159.71129076714692
100.28252326789567
175.7604502359122
242.99070749875582
133.9772174352053
104.82985559274695
125.98797483462295
103.86167149095144
133.10891204056338
122.7160276328595
110.52015764934086
110.68910429617115
186.8829324280284
173.65227772274432
139.64757756366458
103.77968657589041
115.14612477370764
120.59820795353347
154.58266508235909
117.0019717693424
108.20732406130944
106.2437837402619
122.00073733625008
100.05635909111012
127.58304997124466
142.61270935578747
129.07753699859725
116.07794866682198
114.2369856326862
103.05755382922037
122.35490086945578
142.38592375010012
117.19830874473038
108.03511565630565
130.53945275152927
126.22558144542961
144.7973375274888
104.31227343224657
108.73665951018653
110.00040257558024
136.5272243691771
115.17663516511745
115.9120123222705
110.35954568217522
100.32408210371567
121.27151268148044
121.30152313680766
114.10360318436238
121.51867283073767
168.07225024795508
132.13084079020112
127.38178744102736
136.1125283174324
138.46324339027947
109.23234713628068
110.06270575208958
143.0079958520519
146.28495048295457
173.5165856505344
173.76055745017212
105.70320229282459
103.47778592693443
116.19969089533117
126.79367289230461
129.117378874224
104.54099661219477
119.9548696019021
119.99091378514086
134.69949748499317
100.22895956702263
137.05741272397032
139.69135026109916
105.41934228269366
107.48065775984253
123.07053016437034
101.64665061683912
106.46736207720674
116.86788755089249
123.52104735910014
112.47546756213596
131.20600286945557
115.33661325579862
104.39104223620741
132.99518277602886
177.75132298784226
106.1193256337068
106.37189854581882
148.35088533352328
121.2463862226098
110.89681826599279
100.8246866908681
171.32256946929567
196.08249181870215
171.94593417795656
137.0092014153406
131.3866817449619
165.0637796827657
108.54782338635742
178.03926755910516
241.8165876354392
170.60822198246038
175.00474413620333
172.0408210737426
119.56848045870744
141.28819308329992
132.61466147320226
135.3499178126868
104.86195948698638
191.77405410149532
150.51339681125037
128.75106397839036
145.93121679269368
152.1662979208049
192.18665602215708
195.7421862564509
103.8580593435355
136.35912275271093
183.61314485311377
183.44694902970656
104.05776606068383
107.48274104492695
182.33595298593815
102.90389898317642
119.47219640189411
133.81801917391326
179.03512617706713
103.06650655480534
109.11151898389957
159.4592838801343
100.21239238539324
133.76464072690612
194.6325133049373
126.19170838473526
100.95429954835807
179.05914662362414
146.46426714211972
122.7664562616779
230.95222827555224
101.8411224616671
173.1437195745748
157.52874755806485
173.7000711778559
125.54143030885301
155.05792885491218
126.72709254059309
104.03175112930603
117.59334678626419
122.12862490291975
175.33991620874366
120.74508339603454
129.69674329152167
162.6346098302759
221.37348811285767
131.49662944370473
239.48675261912305
154.25624645321892
152.4678521188054
152.13216715043288
205.27319033002112
244.16745623887817
147.16284642980906
101.71610297247486
102.2135530725243
101.1497313363891
123.64945080634797
101.20875327458712
109.90169254721802
122.11256523131969
134.74478162631107
141.52961369150879
153.7243678601403
114.75001729692552
107.20586419946477
159.33437019447007
181.77452437573373
114.34871046838852
109.97347782391742
102.53816464199417
111.10128048608831
199.09920695096812
104.97763590564776
180.457510556685
127.25110922844526
151.5274706591407
142.704032879387
128.99078380383742
109.63303223176608
135.1147913357355
144.40568719126753
117.82823908601137
111.32913154987187
153.2497377727017
113.56284766867672
206.8880915334986
230.2884243100703
117.33821458638516
118.9163878565509
134.15069547595434
108.91084883984455
100.3500432600499
113.43376329304473
160.26305882975117
111.90071196955085
124.43200956358122
166.26939018430232
184.67518769644377
175.46707307746158
129.28239347231943
190.19669241801594
135.040174836396
105.67000727595509
193.54170334323598
102.47747063741566
127.43120768834235
148.5400836590073
131.75383344744088
162.64057978605538
183.71596709965883
133.29272809125212
170.24795917116225
173.48187838398908
121.64770952712989
148.55400322459573
157.6803913906125
101.39055330752024
211.97149677346215
211.68052156160724
214.5711021868242
215.56505513922804
105.47829401719234
114.4512626706926
208.64493148932635
151.7071368754025
135.89702636932455
148.96097009436724
183.42520962033961
201.78735025047214
132.7353212511302
180.3078297862437
114.20864416718635
118.30454161891103
108.3551756693021
118.93947950550867
102.39464228634263
124.03007605194418
112.12073774674943
172.78646212863617
191.316045943745
157.63665617577954
165.77216806420304
118.6609743810138
124.00051129654055
154.2700637752176
160.23165155494553
105.73989082650617
232.43329023999965
120.13574762975196
178.6112346685183
196.4739834102419
128.21628452910315
129.77109828206153
102.59031021383556
132.09411219174646
101.8467909659603
105.97274401181848
162.46548387033678
102.27069623897144
155.88969869623315
139.24125190620342
107.68318532763253
105.63834026080222
102.72196541079103
147.3656153422478
147.67624107665563
127.08295464042025
122.91889479115925
120.45306371670071
115.83830862844789
125.32626738487053
127.65671934859665
114.27984529623252
129.22537594139092
114.73111444532042
110.7410765373458
115.66636595707213
155.1339164048844
197.9745525068733
107.12053583426709
153.64710171216345
123.21114631320032
100.74071984176118
113.92003499093933
140.00309946206949
145.7110167840292
147.61610648672516
194.90678222717355
181.93644034084045
150.24227186992627
202.55835850430378
116.71987239242803
132.6558573862572
130.23264805907985
119.43220237944766
141.27006664401782
106.91778589686652
156.86009343934498
122.75980177049074
128.05587773140402
153.06271251231215
203.6018519201967
221.98168376862128
111.05941961273946
161.4197969767467
166.40215047800228
204.33599487092997
144.2425285087533
177.43468191446772
114.21234164606967
155.99647339645387
206.95099666447186
213.07774746264485
105.86681459065292
114.46311523212503
105.4180779928623
223.1026878080688
161.3673822940603
142.97327416198516
113.95373598396979
118.74650660192958
173.0380409762653
150.86044403540816
128.39239437130806
157.19030312962178
192.418342644222
210.83989510479444
104.43295954649189
234.46453011983067
109.30727411870598
125.8754713511863
148.17534721086324
100.44337228640114
241.03889944371488
104.30978501755197
102.55102701360066
106.43486344689772
163.26692257899026
184.60280702602915
185.77672376853124
155.2362199315209
125.19554225030933
131.50727313686454
231.8571969371493
117.5152396248994
264.289807147205
271.20050914922615
146.27693252001959
114.06973832143741
143.1873839281276
140.38272294802144
300.3648326579162
142.73719316158596
140.22710492651012
153.4522490745776
245.33724626066922
104.50392325471238
146.57855743046386
189.25217135552336
143.35044368484722
133.6463345434833
148.22734177602695
148.9423128752295
127.35947987622104
152.19244853467106
106.80625948725323
100.21194535234504
203.0271336782209
101.02939393960301
157.05245532643536
170.11401794105342
198.6336359444079
156.07898589131307
109.71594002391825
226.76349396630616
107.41271297344248
134.98305240781096
190.40864583986163
148.5646403835849
189.5767069534261
102.52255747749152
194.89951487085295
105.03943175190958
137.66508972758066
193.10866148334944
171.5821588935853
155.999500103598
188.80885430476832
156.22142516982709
296.9324038874642
151.82356102907048
126.00607570893567
120.52802339297956
111.82894923326029
147.82314002122922
373.281110153316
159.90629240452435
119.84498901188701
113.60558221856189
180.8876213804823
393.3302933721563
139.47586215755763
144.03393644107842
206.97414804037956
127.22572258062857
102.57467219674596
114.53909772667528
153.84145101993232
106.75776472896978
119.49516870924545
138.9960213920406
140.44435278123885
194.98080238005406
155.84579527882022
139.28382717038664
140.51301296571847
121.3624039009758
121.3624039009758
121.78005946341483
116.75367411987153
115.96345575139287
114.57830989125814
114.99593274648025
195.1986196339734
193.03368311088897
175.6608242431638
114.7266264285058
179.04302992499066
104.01909457394277
101.2382677850216
144.59025296966203
101.11614554413653
191.71167906675785
193.03267816654164
100.84347894600174
240.6031141628213
120.73901667253226
215.18942503868254
100.66732345175765
104.13872678585916
197.14019781448187
113.57414160420707
140.40754132780452
102.23339802283688
201.22737657028117
125.539577075659
204.64810118264546
177.99073634921186
135.47858267553335
198.14847454292453
150.57749189733983
128.3072191139371
131.75533861509132
124.05058999017032
191.13233652117043
130.5873137814815
167.9971304132736
105.45645605613464
101.8856516974116
106.06270589317052
194.18520954486914
130.7219898869175
163.0258768366871
187.80045762309825
110.84290461835708
194.40513234644513
117.11598903067465
141.20992319238968
225.26630244162152
151.05041842081582
101.73321230725801
241.34714360244826
115.44615224547002
153.75037525977916
156.0896720669046
106.98201919991108
176.19589086239037
176.26790841927402
124.01540443669052
138.1669501896412
230.357881066818
147.06408795150693
134.47509862042526
160.5233159615197
144.06287706422015
102.31675839175429
132.20618369048339
100.21870622902674
126.23686781170193
138.9117173764095
176.02580228206804
112.49116828661175
166.99528574440808
123.92234710104665
102.15197951201438
123.59445157901821
165.83839580209786
144.45091862956812
110.86068755947079
174.2654316741313
111.8699113467602
134.18294701108474
122.8982742698223
201.53530705163809
177.4391960628512
170.78238455488878
121.55849907767673
154.7949257309347
115.87144792027357
178.3545556761973
109.63823326317483
172.43535443467397
172.57256194056595
145.08226664914682
111.48217275548289
169.91368507942295
100.55932514014735
140.72737380852473
129.58562046015834
139.88443707997195
139.92727172288363
159.98031945397912
114.6511966104165
129.92724185337724
112.77871636088122
134.1937284686826
103.49881673499983
101.07490078005299
122.47132453020379
191.71627335469373
151.4437365681923
128.66485713481228
155.78690721352578
184.12653382820966
143.47429756724205
146.01325325025874
114.1541165960714
131.8278183102632
102.53380750471
150.0391496346111
142.47801078780282
152.26615903260793
251.07348100500684
156.00993765613893
138.66181989948677
192.1996601642767
199.0921751518279
212.24916737614112
115.7719903109687
148.26278633493243
128.0497443589407
127.94391241918943
108.03129990127943
155.83577153157663
122.37714080420646
105.86686725565396
105.34633865493508
132.9710391867236
102.67449844009525
125.68051882962646
210.62927461350372
122.09762957410294
140.859395924922
100.72136473550016
135.21418521683316
154.1539948693211
104.72642787425048
146.26919760030077
147.52420267259467
193.52031232240427
131.73437602251437
102.09993773730478
311.6155106940241
122.48147665277664
168.62874400983787
110.87700713922919
109.27366056863309
127.02758525677679
123.01128156116863
225.38120333803198
227.62232681763126
139.82761724046023
114.86316319502771
211.65293471959703
196.92010046549802
273.3047735040895
182.37227953281126
152.33113880588414
111.41845817466046
112.22975414989534
177.90947544438114
125.8161183804256
195.73876895250223
120.32956613001708
195.71632562095706
109.76596270321616
146.02128818490004
185.68875297496515
106.54931101224507
141.1093333811767
118.19148368688842
273.89165102911994
166.43337388394568
153.54389983791185
171.06447783519906
126.76490201929589
112.14892341498108
151.83480140681905
153.24140453081287
132.05798157164895
153.28344730624897
156.87959518324726
115.85148883796654
126.38584802845826
108.26291374583185
116.28347506727417
114.51667312559911
125.58422269556979
148.47599019498873
121.85335494123689
136.98181956067282
111.57258999570507
165.7728605508995
156.56994450861845
174.07959255466176
110.43873689500953
170.30518945088167
238.69366379769218
252.97768027466375
156.47738825117793
111.53899704600305
170.78193677556874
100.0719823445722
145.30044768226188
245.32989688919432
131.50129869257532
154.56825796512013
150.5492462819086
152.74321403509924
184.30532742711392
157.8677216403798
153.16230337129815
120.85781263885715
135.53793369385943
113.88258179495317
145.94907310811288
197.32543302984175
128.65661884780278
128.7057508022084
140.39583121720375
242.73046701135542
151.58424767784808
128.1891810408209
165.22089063176008
137.3380168281712
155.34059957407646
105.68476390786891
151.96590972857976
247.0172457309546
137.32928438594746
106.1907143881583
100.18018159092705
143.33663957213327
166.1373105250732
157.23936689490154
157.2740232685633
211.345071521299
102.90675401847851
189.90902163112136
111.3556315957099
135.53439734318988
106.96414177576295
108.69515909844606
144.18711827186266
128.8830470645179
118.23337751113833
143.98740146502269
104.55410309891748
144.12287636961696
105.25322049230635
138.37949703023654
147.53490993713746
105.42285329723559
108.14778511596718
171.81400349260497
103.91716493102884
158.10851612109764
159.8570358051611
190.90548045894795
125.7247716560406
234.97537194756538
142.07106836958963
240.44797961495289
157.29384174192904
184.413252614372
118.73866215945617
118.15400285396484
193.96716849190057
210.7254079815131
127.67473775586795
142.5285306115473
221.10091543863143
104.8005201246065
105.779851567416
159.04069379828528
160.87257904974894
126.42628915944303
155.46838091977696
151.40171068500615
142.42138264016307
174.3891307144662
109.11492662539894
112.54146440592265
121.34567346404103
119.69646669249317
182.34908370411847
131.0385571430877
104.20108874850584
118.91009484993441
192.30330841665224
141.86677148912977
152.15745328834694
144.42013675894495
106.74961083039642
173.2696248741475
190.43359903322866
118.08721917403922
145.10829101658888
139.33981767618053
127.6624694541337
148.68822535364535
179.08910707762527
119.4466656191758
165.49353715776704
107.59371229477473
120.62077675588951
118.37794698829079
124.78533469022425
131.75398349461736
142.91737823405066
113.45475352849068
130.98738356945015
202.2940000978811
209.2353849093769
298.88594188422735
295.81455252974706
110.7485274357436
128.88058265114174
132.78755208803676
177.96582628635034
151.22549456311012
153.0974223736642
263.52669606338395
110.22472454499827
299.7141898422979
128.8959496825881
159.71310550234497
144.22913290294505
137.86176841257648
100.5746890664403
198.09345049733201
277.2291721292885
159.9024024022314
100.85695827344962
103.06059294773075
167.3837898144282
219.13873085299397
180.68632939567982
169.00421443271279
163.97605013347444
176.19631351755217
188.62789660908612
120.69465165562235
105.8761648788923
173.47597524853032
160.0400459121686
109.49715991878843
136.4432600252066
120.35608396938575
147.0269722261771
141.4933203737717
126.15993081219617
214.22575643508384
143.30269659651253
116.21754265887411
127.92870620498108
139.960823805705
126.80887749787948
149.55166245793816
121.3630182743789
175.0228717998159
177.4639593841661
154.60619049228558
168.66286641544139
157.7037099401628
103.33135369367348
104.46381640967718
119.23607663603141
113.56521742186402
115.3802031816444
133.21287397654476
148.25936159538855
146.25961287294885
189.0266383994837
131.55548249187856
148.10515190980024
104.36224824154777
103.74526978769798
105.93581541829086
167.09512256210846
110.62361167272775
183.9395871949848
150.20567408399307
177.5113893571435
146.8260249902185
131.99706995710773
125.6695931425579
101.75522923123711
127.82382048429665
151.51588450765703
145.98083204591296
102.09952596679437
210.06006379092005
158.5510847660029
100.9944611636638
106.33625705137848
156.05506803916703
129.92524482709823
132.42507481507425
111.94199316782895
137.6220393289234
162.08995513836246
189.35140738331367
148.3550195803127
200.91040321441758
146.14276121950874
120.59655139819874
128.7039219627809
120.81875347519954
147.69489079410303
127.06917151953074
211.88108390970942
231.89067223178105
172.30832557592296
119.80364561617063
142.75898754339192
163.5720855650444
103.83905730342163
100.01969291670372
137.2919883433139
155.011716885172
212.68169466797212
203.13355862631343
109.30544763624668
105.95321842555684
224.33064189750317
215.56223457581166
104.40043671624295
106.8339542486252
106.67079963687908
116.5132776517168
108.16380182724788
113.55658658669405
115.80258592032612
124.88296604154212
200.124430657811
126.47327203264547
142.33176765203737
108.59146493375087
126.72772123864874
195.866247757014
219.2337239710844
104.17501905914635
217.03080903693933
100.48375038472447
213.96227832783487
104.9607338705204
133.6198163222237
101.94505846577313
153.2019333596783
120.73093274131871
121.75677706163434
119.23262376753199
137.37097105492603
155.1443380298016
102.71275073214981
157.92329926630637
122.42758279301717
134.83850219953842
107.92881696065862
109.89412616369349
156.76683331889558
102.6085555958278
117.4901674199369
106.27646232731756
130.5724255964014
128.42539475090985
136.211729417373
141.48464498232275
176.67877268469692
126.31724584393295
103.48002995149527
205.18665129377615
122.20487246159995
101.58595104262015
120.64279373393428
102.47180643407708
115.516794403714
164.48708312155009
102.80386361671651
133.40019828913168
117.69955878932775
100.17349775263303
129.68861582418097
111.08627429726693
132.1343905254644
104.4364135758698
107.75738596191593
103.80465628596274
151.03135098127208
158.97369280345308
166.97226028628145
120.29853662962952
142.4248256579982
156.8306511488982
101.09966313755639
117.37430649460617
136.5951972039083
138.85968324043543
141.41783596917628
143.26337678637339
122.22045841163873
133.15435386325777
171.99363276613627
107.01528814300684
136.03036150521817
139.8436970847271
148.32500294529544
143.2714688516005
188.0330469904163
211.23527064983543
193.23513877372972
194.215484366531
104.22484253327728
208.96675502015046
203.31168526931668
201.67036222903232
137.62629099730123
160.67198385520496
121.31528643354895
185.03056949588108
140.96235984392814
122.08049367560997
122.10377684791231
135.98483826538458
107.39943639185498
102.16848196130483
120.33805303589257
169.33978748467246
147.42465911887942
204.3529664765299
232.76452985468848
197.18198941575608
213.58627780404848
278.5491831328096
197.29504454961372
120.73976092001921
155.4872216801569
141.7259724206012
133.4424460738143
132.4101958135954
169.78373562920737
137.7732865401193
154.7865832586295
164.51093633643518
200.35634207273182
180.69112313325473
261.6287145990716
170.61098377906475
185.0806064119496
165.72414281394003
106.18587479389853
106.55682002447757
108.84217584361848
136.17523473697187
133.1528594098253
108.99656827386208
127.05937134987005
109.21808870793151
105.84506702584176
122.17491834842838
113.75616823870212
120.61209002679021
139.9358021798001
134.45008994054837
257.75183055721936
177.38038347321913
119.91590654961162
331.0267491159323
104.9690473263316
116.87306325871666
139.77255495040515
101.52790047658138
103.87643525391637
157.2736776062364
141.31167586020737
201.85994688880103
106.10493218056877
122.63564091820182
125.3598957667076
240.73506882120677
222.21433757978429
109.36732154040669
106.83193868772551
124.62694179589191
175.20824477543053
101.68796670619264
107.10038633465221
104.99246771592904
108.39796765403864
136.42153951238367
140.0666262139098
119.14861520107515
135.11179772553834
105.32477839734726
110.79679357765103
119.76330977712375
172.58224216705938
102.40735139066942
120.98980367741444
130.63621896668778
146.38950665766217
111.75831294386505
117.37628650844468
128.4398127503836
136.49746892291614
142.22996177108746
127.81629879944963
157.42700216312176
169.6256881694015
132.22474603050435
139.2767868365744
174.61319429733246
132.22474603050435
148.54032425354475
107.68136910942015
131.5927111554432
116.66391731734821
200.1539671282793
100.78200699527207
243.79225843351003
246.44047131745575
116.52016710996949
121.38198797135958
139.80766328900722
160.8781860346005
183.34927877347798
192.7943176506207
100.63292845784405
203.45420133764046
222.61199517953926
230.49610957881265
134.31263639819554
126.58263894453579
105.89828419000499
256.52859600872347
199.2288193673241
107.43780110847885
100.50015054743402
130.90906382772252
131.3965900967273
207.86722264273695
193.93672261191017
131.2796085821877
131.41795974637972
276.2872874977076
295.4278944587585
184.5340878112096
272.30587864620884
198.97967666446937
139.4407107495362
324.7063742147409
330.89227655221237
111.201167113293
268.2716929595275
120.33274246045427
128.68878450779923
171.29736117521827
158.88893290317628
136.39396543113378
121.3905076682306
119.9845868662841
138.9596501251753
180.42584059060763
164.22299551256032
122.52869066628598
107.05887162807868
150.48090843566166
176.7817245762246
123.40600331651103
134.67126681346224
131.09091415794444
150.87503104402435
127.56492297106772
113.43383360852116
188.7267854870006
155.8544481854657
156.87512829930728
266.39775073282686
273.2954676241435
170.44761361636174
359.76738909385466
130.98986616149637
